0.13 1
0.23000000000000001 2
0.33000000000000002 2
0.43000000000000005 4
0.53000000000000003 4
0.63 8
0.72999999999999998 8
0.82999999999999996 16
0.92999999999999994 16
1.03 17
1.1300000000000001 1
1.2300000000000002 1
1.3300000000000003 2
1.4300000000000004 2
1.5300000000000005 4
1.6300000000000006 6
1.7300000000000006 8
1.8300000000000007 8.125
1.9300000000000008 8.125
2.0300000000000007 9.28168
2.1300000000000008 9.28168
2.2300000000000009 10.2101
2.330000000000001 10.2101
2.430000000000001 11.1505
2.5300000000000011 11.1505
2.6300000000000012 12.1002
2.7300000000000013 12.1002
2.8300000000000014 13.0573
2.9300000000000015 13.0573
3.0300000000000016 14.0201
3.1300000000000017 14.0201
3.2300000000000018 14.9877
3.3300000000000018 15.2528
3.4300000000000019 15.8962
3.530000000000002 16.4537
3.6300000000000021 16.815
3.7300000000000022 17.5724
3.8300000000000023 17.7426
3.9300000000000024 18.6776
4.030000000000002 18.6776
4.1300000000000017 19.6189
4.2300000000000013 19.6189
4.330000000000001 20.5657
4.4300000000000006 20.5657
4.5300000000000002 21.5173
4.6299999999999999 21.5173
4.7299999999999995 22.4284
4.8299999999999992 22.6062
4.9299999999999988 23.3039
5.0299999999999985 23.645
5.1299999999999981 24.1476
5.2299999999999978 24.64
5.3299999999999974 24.9628
5.4299999999999971 25.5962
5.5299999999999967 25.7521
5.6299999999999963 26.518
5.729999999999996 26.518
5.8299999999999956 27.2622
5.9299999999999953 27.2622
6.0299999999999949 27.9867
6.1299999999999946 27.9867
6.2299999999999942 28.6929
6.3299999999999939 28.832
6.4299999999999935 29.382
6.5299999999999931 29.6532
6.6299999999999928 30.0554
6.7299999999999924 30.4523
6.8299999999999921 30.714
6.9299999999999917 31.2629
7.0299999999999914 31.3587
7.129999999999991 31.9905
7.2299999999999907 31.9905
7.3299999999999903 32.61
7.4299999999999899 32.61
7.5299999999999896 33.2179
7.6299999999999892 33.2179
7.7299999999999889 33.8149
7.8299999999999885 33.9625
7.9299999999999882 34.4015
8.0299999999999887 34.6622
8.1299999999999883 34.9783
8.229999999999988 35.3481
8.3299999999999876 35.5457
8.4299999999999873 36.0209
8.5299999999999869 36.1042
8.6299999999999866 36.6541
8.7299999999999862 36.6541
8.8299999999999859 37.196
8.9299999999999855 37.196
9.0299999999999851 37.73
9.1299999999999848 37.7565
9.2299999999999844 38.2566
9.3299999999999841 38.3871
9.4299999999999837 38.7761
9.5299999999999834 39.0075
9.629999999999983 39.2886
9.7299999999999827 39.6182
9.8299999999999823 39.7946
9.929999999999982 40.2196
10.029999999999982 40.2942
10.129999999999981 40.7877
10.229999999999981 40.7877
10.329999999999981 41.2752
10.42999999999998 41.2752
10.52999999999998 41.7571
10.629999999999979 41.7811
10.729999999999979 42.2335
10.829999999999979 42.3517
10.929999999999978 42.7046
11.029999999999978 42.9148
11.129999999999978 43.1705
11.229999999999977 43.4936
11.329999999999977 43.6314
11.429999999999977 44.0421
11.529999999999976 44.0875
11.629999999999976 44.539
11.729999999999976 44.539
11.829999999999975 44.9859
11.929999999999975 44.9859
12.029999999999974 45.4284
12.129999999999974 45.4504
12.229999999999974 45.8667
12.329999999999973 45.9973
12.429999999999973 46.3008
12.529999999999973 46.5163
12.629999999999972 46.7308
12.729999999999972 47.0295
12.829999999999972 47.1569
12.929999999999971 47.5372
13.029999999999971 47.5793
13.129999999999971 47.9979
13.22999999999997 47.9979
13.32999999999997 48.4129
13.42999999999997 48.4129
13.529999999999969 48.8243
13.629999999999969 48.8653
13.729999999999968 49.2323
13.829999999999968 49.3541
13.929999999999968 49.637
14.029999999999967 49.8381
14.129999999999967 50.0384
14.229999999999967 50.3174
14.329999999999966 50.4365
14.429999999999966 50.7922
14.529999999999966 50.8316
14.629999999999965 51.2236
14.729999999999965 51.2236
14.829999999999965 51.6127
14.929999999999964 51.6127
15.029999999999964 51.9988
15.129999999999963 52.0373
15.229999999999963 52.3821
15.329999999999963 52.4965
15.429999999999962 52.7626
15.529999999999962 52.9707
15.629999999999962 53.1404
15.729999999999961 53.4219
15.829999999999961 53.5155
15.929999999999961 53.8694
16.029999999999962 53.888
16.129999999999963 54.2579
16.229999999999965 54.2579
16.329999999999966 54.6253
16.429999999999968 54.6253
16.529999999999969 54.9903
16.629999999999971 55.0448
16.729999999999972 55.3529
16.829999999999973 55.4792
16.929999999999975 55.7131
17.029999999999976 55.9102
17.129999999999978 56.0709
17.229999999999979 56.3379
17.329999999999981 56.4266
17.429999999999982 56.7623
17.529999999999983 56.78
17.629999999999985 57.1312
17.729999999999986 57.1312
17.829999999999988 57.4802
17.929999999999989 57.4802
18.02999999999999 57.8272
18.129999999999992 57.879
18.229999999999993 58.1721
18.329999999999995 58.2923
18.429999999999996 58.5149
18.529999999999998 58.7026
18.629999999999999 58.8558
18.73 59.1101
18.830000000000002 59.1946
18.930000000000003 59.5316
19.030000000000005 59.5316
19.130000000000006 59.8667
19.230000000000008 59.8667
19.330000000000009 60.1999
19.43000000000001 60.1999
19.530000000000012 60.5312
19.630000000000013 60.5808
19.730000000000015 60.8608
19.830000000000016 60.9757
19.930000000000017 61.1885
20.030000000000019 61.3844
20.13000000000002 61.5146
20.230000000000022 61.7742
20.330000000000023 61.8389
20.430000000000025 62.1615
20.530000000000026 62.1615
20.630000000000027 62.4825
20.730000000000029 62.4825
20.83000000000003 62.8018
20.930000000000032 62.8018
21.030000000000033 63.1195
21.130000000000035 63.1828
21.230000000000036 63.4356
21.330000000000037 63.5616
21.430000000000039 63.7501
21.53000000000004 63.9381
21.630000000000042 64.0631
21.730000000000043 64.3124
21.830000000000044 64.3746
21.930000000000046 64.6846
22.030000000000047 64.6846
22.130000000000049 64.9931
22.23000000000005 64.9931
22.330000000000052 65.3001
22.430000000000053 65.3001
22.530000000000054 65.6057
22.630000000000056 65.6667
22.730000000000057 65.9099
22.830000000000059 66.0312
22.93000000000006 66.2127
23.030000000000062 66.3937
23.130000000000063 66.5141
23.230000000000064 66.7692
23.330000000000066 66.8141
23.430000000000067 67.1128
23.530000000000069 67.1128
23.63000000000007 67.4102
23.730000000000071 67.4102
23.830000000000073 67.7063
23.930000000000074 67.7063
24.030000000000076 68.0011
24.130000000000077 68.0599
24.230000000000079 68.2946
24.33000000000008 68.4262
24.430000000000081 68.5868
24.530000000000083 68.7761
24.630000000000084 68.8778
24.730000000000086 69.1242
24.830000000000087 69.1676
24.930000000000089 69.4562
25.03000000000009 69.4562
25.130000000000091 69.7436
25.230000000000093 69.7436
25.330000000000094 70.0298
25.430000000000096 70.0441
25.530000000000097 70.3148
25.630000000000098 70.3859
25.7300000000001 70.5987
25.830000000000101 70.7261
25.930000000000103 70.8815
26.030000000000104 71.0647
26.130000000000106 71.1631
26.230000000000107 71.4016
26.330000000000108 71.4436
26.43000000000011 71.7231
26.530000000000111 71.7231
26.630000000000113 72.0014
26.730000000000114 72.0014
26.830000000000116 72.2787
26.930000000000117 72.2925
27.030000000000118 72.5549
27.13000000000012 72.6238
27.230000000000121 72.83
27.330000000000123 72.9535
27.430000000000124 73.1041
27.530000000000125 73.2954
27.630000000000127 73.3772
27.730000000000128 73.6222
27.83000000000013 73.6493
27.930000000000131 73.9204
28.030000000000133 73.9204
28.130000000000134 74.1905
28.230000000000135 74.1905
28.330000000000137 74.4596
28.430000000000138 74.473
28.53000000000014 74.7278
28.630000000000141 74.808
28.730000000000143 74.9949
28.830000000000144 75.1282
28.930000000000145 75.2612
29.030000000000147 75.447
29.130000000000148 75.5265
29.23000000000015 75.7645
29.330000000000151 75.7908
29.430000000000152 76.0543
29.530000000000154 76.0543
29.630000000000155 76.3168
29.730000000000157 76.3168
29.830000000000158 76.5785
29.93000000000016 76.6046
30.030000000000161 76.8392
30.130000000000162 76.9173
30.230000000000164 77.0991
30.330000000000165 77.2287
30.430000000000167 77.3581
30.530000000000168 77.5389
30.63000000000017 77.6162
30.730000000000171 77.8478
30.830000000000172 77.8735
30.930000000000174 78.1299
31.030000000000175 78.1299
31.130000000000177 78.3855
31.230000000000178 78.3855
31.330000000000179 78.6403
31.430000000000181 78.6657
31.530000000000182 78.8942
31.630000000000184 78.9702
31.730000000000185 79.1473
31.830000000000187 79.2736
31.930000000000188 79.3996
32.030000000000186 79.5883
32.130000000000187 79.6511
32.230000000000189 79.8893
32.33000000000019 79.9018
32.430000000000192 80.1518
32.530000000000193 80.1518
32.630000000000194 80.4009
32.730000000000196 80.4009
32.830000000000197 80.6493
32.930000000000199 80.6865
33.0300000000002 80.897
33.130000000000202 80.9834
33.230000000000203 81.1438
33.330000000000204 81.2793
33.430000000000206 81.3899
33.530000000000207 81.5741
33.630000000000209 81.6353
33.73000000000021 81.8678
33.830000000000211 81.88
33.930000000000213 82.1239
34.030000000000214 82.1239
34.130000000000216 82.3671
34.230000000000217 82.3671
34.330000000000219 82.6096
34.43000000000022 82.6459
34.530000000000221 82.8513
34.630000000000223 82.9358
34.730000000000224 83.0924
34.830000000000226 83.2247
34.930000000000227 83.3328
35.030000000000229 83.5126
35.13000000000023 83.5724
35.230000000000231 83.8114
35.330000000000233 83.8114
35.430000000000234 84.0497
35.530000000000236 84.0497
35.630000000000237 84.2874
35.730000000000238 84.2874
35.83000000000024 84.5243
35.930000000000241 84.5598
36.030000000000243 84.7606
36.130000000000244 84.8432
36.230000000000246 84.9963
36.330000000000247 85.1374
36.430000000000248 85.2313
36.53000000000025 85.4188
36.630000000000251 85.4656
36.730000000000253 85.6993
36.830000000000254 85.6993
36.930000000000256 85.9324
37.030000000000257 85.9324
37.130000000000258 86.1648
37.23000000000026 86.1648
37.330000000000261 86.3967
37.430000000000263 86.443
37.530000000000264 86.6279
37.630000000000265 86.7202
37.730000000000267 86.8584
37.830000000000268 86.9965
37.93000000000027 87.0884
38.030000000000271 87.272
38.130000000000273 87.3178
38.230000000000274 87.5465
38.330000000000275 87.5465
38.430000000000277 87.7747
38.530000000000278 87.7747
38.63000000000028 88.0023
38.730000000000281 88.0023
38.830000000000283 88.2293
38.930000000000284 88.2746
39.030000000000285 88.4557
39.130000000000287 88.5461
39.230000000000288 88.6815
39.33000000000029 88.8167
39.430000000000291 88.9068
39.530000000000292 89.0866
39.630000000000294 89.1314
39.730000000000295 89.3556
39.830000000000297 89.3556
39.930000000000298 89.5791
40.0300000000003 89.5791
40.130000000000301 89.8021
40.230000000000302 89.8021
40.330000000000304 90.0246
40.430000000000305 90.069
40.530000000000307 90.2465
40.630000000000308 90.3462
40.73000000000031 90.4678
40.830000000000311 90.6114
40.930000000000312 90.6887
41.030000000000314 90.8759
41.130000000000315 90.9089
41.230000000000317 91.1287
41.330000000000318 91.1287
41.430000000000319 91.3479
41.530000000000321 91.3479
41.630000000000322 91.5666
41.730000000000324 91.5775
41.830000000000325 91.7848
41.930000000000327 91.8392
42.030000000000328 92.0024
42.130000000000329 92.1002
42.230000000000331 92.2196
42.330000000000332 92.3604
42.430000000000334 92.4362
42.530000000000335 92.6199
42.630000000000337 92.6523
42.730000000000338 92.8679
42.830000000000339 92.8679
42.930000000000341 93.0831
43.030000000000342 93.0831
43.130000000000344 93.2977
43.230000000000345 93.3084
43.330000000000346 93.5118
43.430000000000348 93.5653
43.530000000000349 93.7255
43.630000000000351 93.8215
43.730000000000352 93.9386
43.830000000000354 94.0769
43.930000000000355 94.1513
44.030000000000356 94.3423
44.130000000000358 94.3635
44.230000000000359 94.5752
44.330000000000361 94.5752
44.430000000000362 94.7865
44.530000000000364 94.7865
44.630000000000365 94.9973
44.730000000000366 95.0078
44.830000000000368 95.2076
44.930000000000369 95.2601
45.030000000000371 95.4174
45.130000000000372 95.5222
45.230000000000373 95.6268
45.330000000000375 95.7731
45.430000000000376 95.8357
45.530000000000378 96.0234
45.630000000000379 96.0442
45.730000000000381 96.2522
45.830000000000382 96.2522
45.930000000000383 96.4598
46.030000000000385 96.4598
46.130000000000386 96.6669
46.230000000000388 96.6876
46.330000000000389 96.8736
46.430000000000391 96.9355
46.530000000000392 97.0799
46.630000000000393 97.1828
46.730000000000395 97.2857
46.830000000000396 97.4295
46.930000000000398 97.491
47.030000000000399 97.6755
47.1300000000004 97.696
47.230000000000402 97.9005
47.330000000000403 97.9005
47.430000000000405 98.1046
47.530000000000406 98.1046
47.630000000000408 98.3083
47.730000000000409 98.3286
47.83000000000041 98.5115
47.930000000000412 98.5724
48.030000000000413 98.7143
48.130000000000415 98.8156
48.230000000000416 98.9167
48.330000000000418 99.0683
48.430000000000419 99.1187
48.53000000000042 99.3102
48.630000000000422 99.3203
48.730000000000423 99.5215
48.830000000000425 99.5215
48.930000000000426 99.7222
49.030000000000427 99.7222
49.130000000000429 99.9226
49.23000000000043 99.9426
49.330000000000432 100.123
49.430000000000433 100.192
49.530000000000435 100.322
49.630000000000436 100.432
49.730000000000437 100.521
49.830000000000439 100.67
49.93000000000044 100.72
50.030000000000442 100.909
50.130000000000443 100.918
50.230000000000445 101.116
50.330000000000446 101.116
50.430000000000447 101.314
50.530000000000449 101.314
50.63000000000045 101.511
50.730000000000452 101.541
50.830000000000453 101.708
50.930000000000454 101.777
51.030000000000456 101.905
51.130000000000457 102.012
51.230000000000459 102.101
51.33000000000046 102.248
51.430000000000462 102.296
51.530000000000463 102.482
51.630000000000464 102.492
51.730000000000466 102.687
51.830000000000467 102.687
51.930000000000469 102.881
52.03000000000047 102.881
52.130000000000472 103.076
52.230000000000473 103.105
52.330000000000474 103.269
52.430000000000476 103.337
52.530000000000477 103.463
52.630000000000479 103.569
52.73000000000048 103.656
52.830000000000481 103.81
52.930000000000483 103.849
53.030000000000484 104.041
53.130000000000486 104.041
53.230000000000487 104.233
53.330000000000489 104.233
53.43000000000049 104.425
53.530000000000491 104.425
53.630000000000493 104.616
53.730000000000494 104.655
53.830000000000496 104.807
53.930000000000497 104.884
54.030000000000499 104.998
54.1300000000005 105.112
54.230000000000501 105.188
54.330000000000503 105.34
54.430000000000504 105.378
54.530000000000506 105.568
54.630000000000507 105.568
54.730000000000508 105.757
54.83000000000051 105.757
54.930000000000511 105.946
55.030000000000513 105.946
55.130000000000514 106.135
55.230000000000516 106.172
55.330000000000517 106.323
55.430000000000518 106.398
55.53000000000052 106.511
55.630000000000521 106.624
55.730000000000523 106.699
55.830000000000524 106.848
55.930000000000526 106.886
56.030000000000527 107.073
56.130000000000528 107.073
56.23000000000053 107.259
56.330000000000531 107.259
56.430000000000533 107.446
56.530000000000534 107.446
56.630000000000535 107.632
56.730000000000537 107.669
56.830000000000538 107.817
56.93000000000054 107.892
57.030000000000541 108.003
57.130000000000543 108.123
57.230000000000544 108.188
57.330000000000545 108.345
57.430000000000547 108.373
57.530000000000548 108.557
57.63000000000055 108.557
57.730000000000551 108.741
57.830000000000553 108.741
57.930000000000554 108.925
58.030000000000555 108.925
58.130000000000557 109.108
58.230000000000558 109.154
58.33000000000056 109.291
58.430000000000561 109.374
58.530000000000562 109.474
58.630000000000564 109.593
58.730000000000565 109.657
58.830000000000567 109.812
58.930000000000568 109.839
59.03000000000057 110.021
59.130000000000571 110.021
59.230000000000572 110.203
59.330000000000574 110.203
59.430000000000575 110.384
59.530000000000577 110.393
59.630000000000578 110.565
59.73000000000058 110.61
59.830000000000581 110.746
59.930000000000582 110.827
60.030000000000584 110.926
60.130000000000585 111.043
60.230000000000587 111.106
60.330000000000588 111.259
60.430000000000589 111.286
60.530000000000591 111.466
60.630000000000592 111.466
60.730000000000594 111.645
60.830000000000595 111.645
60.930000000000597 111.824
61.030000000000598 111.833
61.130000000000599 112.003
61.230000000000601 112.048
61.330000000000602 112.181
61.430000000000604 112.27
61.530000000000605 112.359
61.630000000000607 112.484
61.730000000000608 112.537
61.830000000000609 112.697
61.930000000000611 112.715
62.030000000000612 112.892
62.130000000000614 112.892
62.230000000000615 113.069
62.330000000000616 113.069
62.430000000000618 113.246
62.530000000000619 113.264
62.630000000000621 113.422
62.730000000000622 113.475
62.830000000000624 113.599
62.930000000000625 113.687
63.030000000000626 113.775
63.130000000000628 113.898
63.230000000000629 113.95
63.330000000000631 114.108
63.430000000000632 114.126
63.530000000000634 114.301
63.630000000000635 114.301
63.730000000000636 114.476
63.830000000000638 114.476
63.930000000000639 114.65
64.030000000000641 114.668
64.130000000000635 114.825
64.230000000000629 114.877
64.330000000000624 114.999
64.430000000000618 115.085
64.530000000000612 115.172
64.630000000000607 115.294
64.730000000000601 115.346
64.830000000000595 115.51
64.930000000000589 115.519
65.030000000000584 115.692
65.130000000000578 115.692
65.230000000000572 115.865
65.330000000000567 115.865
65.430000000000561 116.037
65.530000000000555 116.055
65.63000000000055 116.21
65.730000000000544 116.261
65.830000000000538 116.382
65.930000000000533 116.476
66.030000000000527 116.553
66.130000000000521 116.682
66.230000000000516 116.725
66.33000000000051 116.887
66.430000000000504 116.896
66.530000000000499 117.067
66.630000000000493 117.067
66.730000000000487 117.238
66.830000000000481 117.238
66.930000000000476 117.408
67.03000000000047 117.434
67.130000000000464 117.578
67.230000000000459 117.638
67.330000000000453 117.748
67.430000000000447 117.842
67.530000000000442 117.918
67.630000000000436 118.045
67.73000000000043 118.088
67.830000000000425 118.248
67.930000000000419 118.257
68.030000000000413 118.426
68.130000000000408 118.426
68.230000000000402 118.595
68.330000000000396 118.595
68.430000000000391 118.763
68.530000000000385 118.788
68.630000000000379 118.932
68.730000000000373 118.99
68.830000000000368 119.1
68.930000000000362 119.192
69.030000000000356 119.267
69.130000000000351 119.401
69.230000000000345 119.435
69.330000000000339 119.602
69.430000000000334 119.602
69.530000000000328 119.769
69.630000000000322 119.769
69.730000000000317 119.936
69.830000000000311 119.936
69.930000000000305 120.103
70.0300000000003 120.128
70.130000000000294 120.269
70.230000000000288 120.336
70.330000000000283 120.436
70.430000000000277 120.535
70.530000000000271 120.601
70.630000000000265 120.734
70.73000000000026 120.767
70.830000000000254 120.933
70.930000000000248 120.933
71.030000000000243 121.098
71.130000000000237 121.098
71.230000000000231 121.263
71.330000000000226 121.263
71.43000000000022 121.428
71.530000000000214 121.461
71.630000000000209 121.592
71.730000000000203 121.658
71.830000000000197 121.757
71.930000000000192 121.855
72.030000000000186 121.921
72.13000000000018 122.052
72.230000000000175 122.085
72.330000000000169 122.249
72.430000000000163 122.249
72.530000000000157 122.412
72.630000000000152 122.412
72.730000000000146 122.575
72.83000000000014 122.575
72.930000000000135 122.738
73.030000000000129 122.771
73.130000000000123 122.901
73.230000000000118 122.966
73.330000000000112 123.064
73.430000000000106 123.161
73.530000000000101 123.226
73.630000000000095 123.364
73.730000000000089 123.389
73.830000000000084 123.551
73.930000000000078 123.551
74.030000000000072 123.712
74.130000000000067 123.712
74.230000000000061 123.874
74.330000000000055 123.874
74.430000000000049 124.035
74.530000000000044 124.068
74.630000000000038 124.196
74.730000000000032 124.269
74.830000000000027 124.357
74.930000000000021 124.462
75.030000000000015 124.518
75.13000000000001 124.655
75.230000000000004 124.679
75.329999999999998 124.839
75.429999999999993 124.839
75.529999999999987 124.999
75.629999999999981 124.999
75.729999999999976 125.159
75.82999999999997 125.167
75.929999999999964 125.319
76.029999999999959 125.359
76.129999999999953 125.478
76.229999999999947 125.55
76.329999999999941 125.637
76.429999999999936 125.741
76.52999999999993 125.796
76.629999999999924 125.932
76.729999999999919 125.955
76.829999999999913 126.114
76.929999999999907 126.114
77.029999999999902 126.273
77.129999999999896 126.273
77.22999999999989 126.431
77.329999999999885 126.439
77.429999999999879 126.589
77.529999999999873 126.628
77.629999999999868 126.747
77.729999999999862 126.818
77.829999999999856 126.905
77.929999999999851 127.015
78.029999999999845 127.062
78.129999999999839 127.204
78.229999999999833 127.219
78.329999999999828 127.376
78.429999999999822 127.376
78.529999999999816 127.533
78.629999999999811 127.533
78.729999999999805 127.69
78.829999999999799 127.698
78.929999999999794 127.847
79.029999999999788 127.894
79.129999999999782 128.003
79.229999999999777 128.081
79.329999999999771 128.159
79.429999999999765 128.268
79.52999999999976 128.315
79.629999999999754 128.455
79.729999999999748 128.471
79.829999999999742 128.627
79.929999999999737 128.627
80.029999999999731 128.782
80.129999999999725 128.782
80.22999999999972 128.937
80.329999999999714 128.953
80.429999999999708 129.092
80.529999999999703 129.139
80.629999999999697 129.247
80.729999999999691 129.324
80.829999999999686 129.402
80.92999999999968 129.51
81.029999999999674 129.556
81.129999999999669 129.695
81.229999999999663 129.71
81.329999999999657 129.865
81.429999999999652 129.865
81.529999999999646 130.018
81.62999999999964 130.018
81.729999999999634 130.172
81.829999999999629 130.188
81.929999999999623 130.326
82.029999999999617 130.372
82.129999999999612 130.479
82.229999999999606 130.556
82.3299999999996 130.632
82.429999999999595 130.747
82.529999999999589 130.785
82.629999999999583 130.931
82.729999999999578 130.938
82.829999999999572 131.091
82.929999999999566 131.091
83.029999999999561 131.243
83.129999999999555 131.243
83.229999999999549 131.396
83.329999999999544 131.418
83.429999999999538 131.548
83.529999999999532 131.601
83.629999999999526 131.7
83.729999999999521 131.783
83.829999999999515 131.851
83.929999999999509 131.965
84.029999999999504 132.003
84.129999999999498 132.147
84.229999999999492 132.154
84.329999999999487 132.306
84.429999999999481 132.306
84.529999999999475 132.457
84.62999999999947 132.457
84.729999999999464 132.608
84.829999999999458 132.63
84.929999999999453 132.758
85.029999999999447 132.811
85.129999999999441 132.909
85.229999999999436 132.992
85.32999999999943 133.059
85.429999999999424 133.172
85.529999999999418 133.21
85.629999999999413 133.36
85.729999999999407 133.36
85.829999999999401 133.51
85.929999999999396 133.51
86.02999999999939 133.659
86.129999999999384 133.659
86.229999999999379 133.809
86.329999999999373 133.831
86.429999999999367 133.958
86.529999999999362 134.011
86.629999999999356 134.108
86.72999999999935 134.197
86.829999999999345 134.257
86.929999999999339 134.376
87.029999999999333 134.405
87.129999999999328 134.554
87.229999999999322 134.554
87.329999999999316 134.703
87.42999999999931 134.703
87.529999999999305 134.851
87.629999999999299 134.851
87.729999999999293 134.999
87.829999999999288 135.029
87.929999999999282 135.147
88.029999999999276 135.207
88.129999999999271 135.295
88.229999999999265 135.384
88.329999999999259 135.443
88.429999999999254 135.561
88.529999999999248 135.591
88.629999999999242 135.738
88.729999999999237 135.738
88.829999999999231 135.885
88.929999999999225 135.885
89.02999999999922 136.032
89.129999999999214 136.032
89.229999999999208 136.179
89.329999999999202 136.209
89.429999999999197 136.326
89.529999999999191 136.385
89.629999999999185 136.473
89.72999999999918 136.561
89.829999999999174 136.619
89.929999999999168 136.736
90.029999999999163 136.766
90.129999999999157 136.912
90.229999999999151 136.912
90.329999999999146 137.058
90.42999999999914 137.058
90.529999999999134 137.204
90.629999999999129 137.204
90.729999999999123 137.349
90.829999999999117 137.378
90.929999999999112 137.495
91.029999999999106 137.56
91.1299999999991 137.64
91.229999999999094 137.735
91.329999999999089 137.786
91.429999999999083 137.909
91.529999999999077 137.931
91.629999999999072 138.076
91.729999999999066 138.076
91.82999999999906 138.22
91.929999999999055 138.22
92.029999999999049 138.365
92.129999999999043 138.372
92.229999999999038 138.509
92.329999999999032 138.546
92.429999999999026 138.654
92.529999999999021 138.719
92.629999999999015 138.798
92.729999999999009 138.892
92.829999999999004 138.942
92.929999999998998 139.064
93.029999999998992 139.086
93.129999999998986 139.23
93.229999999998981 139.23
93.329999999998975 139.373
93.429999999998969 139.373
93.529999999998964 139.517
93.629999999998958 139.524
93.729999999998952 139.66
93.829999999998947 139.696
93.929999999998941 139.803
94.029999999998935 139.867
94.12999999999893 139.946
94.229999999998924 140.039
94.329999999998918 140.089
94.429999999998913 140.217
94.529999999998907 140.231
94.629999999998901 140.374
94.729999999998896 140.374
94.82999999999889 140.516
94.929999999998884 140.516
95.029999999998878 140.659
95.129999999998873 140.666
95.229999999998867 140.801
95.329999999998861 140.836
95.429999999998856 140.943
95.52999999999885 141.014
95.629999999998844 141.085
95.729999999998839 141.184
95.829999999998833 141.226
95.929999999998827 141.354
96.029999999998822 141.368
96.129999999998816 141.509
96.22999999999881 141.509
96.329999999998805 141.651
96.429999999998799 141.651
96.529999999998793 141.792
96.629999999998788 141.806
96.729999999998782 141.933
96.829999999998776 141.975
96.92999999999877 142.074
97.029999999998765 142.144
97.129999999998759 142.214
97.229999999998753 142.313
97.329999999998748 142.355
97.429999999998742 142.481
97.529999999998736 142.495
97.629999999998731 142.635
97.729999999998725 142.635
97.829999999998719 142.776
97.929999999998714 142.776
98.029999999998708 142.916
98.129999999998702 142.93
98.229999999998697 143.056
98.329999999998691 143.097
98.429999999998685 143.195
98.52999999999868 143.265
98.629999999998674 143.335
98.729999999998668 143.44
98.829999999998662 143.474
98.929999999998657 143.607
99.029999999998651 143.614
99.129999999998645 143.753
99.22999999999864 143.753
99.329999999998634 143.892
99.429999999998628 143.892
99.529999999998623 144.031
99.629999999998617 144.045
99.729999999998611 144.17
99.829999999998606 144.218
99.9299999999986 144.308
100.02999999999859 144.385
100.12999999999859 144.447
100.22999999999858 144.551
100.32999999999858 144.585
100.42999999999857 144.717
100.52999999999857 144.724
100.62999999999856 144.862
100.72999999999855 144.862
100.82999999999855 145
100.92999999999854 145
