0.12 1
0.22 2
0.32000000000000001 2
0.42000000000000004 4
0.52000000000000002 4
0.62 8
0.71999999999999997 8
0.81999999999999995 16
0.91999999999999993 16
1.02 20.4456
1.1200000000000001 20.592
1.2200000000000002 21.2146
1.3200000000000003 21.5424
1.4200000000000004 22.2735
1.5200000000000005 22.4971
1.6200000000000006 23.3271
1.7200000000000006 23.4555
1.8200000000000007 24.17
1.9200000000000008 24.3762
2.0200000000000009 24.9845
2.120000000000001 25.1839
2.2200000000000011 25.7731
2.3200000000000012 26.0819
2.4200000000000013 26.5383
2.5200000000000014 26.987
2.6200000000000014 27.2821
2.7200000000000015 27.7548
2.8200000000000016 28.006
2.9200000000000017 28.607
3.0200000000000018 28.7465
3.1200000000000019 29.4004
3.220000000000002 29.4344
3.3200000000000021 30.0734
3.4200000000000021 30.1398
3.5200000000000022 30.7316
3.6200000000000023 30.8615
3.7200000000000024 31.376
3.8200000000000025 31.535
3.9200000000000026 32.0074
4.0200000000000022 32.1944
4.1200000000000019 32.6265
4.2200000000000015 32.8709
4.3200000000000012 33.2341
4.4200000000000008 33.5934
4.5200000000000005 33.8604
4.6200000000000001 34.3007
4.7199999999999998 34.4462
4.8199999999999994 34.9937
4.919999999999999 35.0508
5.0199999999999987 35.5609
5.1199999999999983 35.6452
5.219999999999998 36.1191
5.3199999999999976 36.2297
5.4199999999999973 36.6689
5.5199999999999969 36.8322
5.6199999999999966 37.2105
5.7199999999999962 37.425
5.8199999999999958 37.7443
5.9199999999999955 38.0873
6.0199999999999951 38.2969
6.1199999999999948 38.7125
6.2199999999999944 38.8158
6.3199999999999941 39.3024
6.4199999999999937 39.3532
6.5199999999999934 39.8082
6.619999999999993 39.8835
6.7199999999999926 40.3076
6.8199999999999923 40.4067
6.9199999999999919 40.8009
7.0199999999999916 40.9477
7.1199999999999912 41.2883
7.2199999999999909 41.5058
7.3199999999999905 41.77
7.4199999999999902 42.0802
7.5199999999999898 42.27
7.6199999999999894 42.6469
7.7199999999999891 42.7406
7.8199999999999887 43.183
7.9199999999999884 43.2293
8.0199999999999889 43.6438
8.1199999999999886 43.7125
8.2199999999999882 44.0998
8.3199999999999878 44.1904
8.4199999999999875 44.5511
8.5199999999999871 44.6856
8.6199999999999868 44.9979
8.7199999999999864 45.1975
8.8199999999999861 45.4403
8.9199999999999857 45.7256
9.0199999999999854 45.9002
9.119999999999985 46.2476
9.2199999999999847 46.3556
9.3199999999999843 46.7424
9.4199999999999839 46.7852
9.5199999999999836 47.1684
9.6199999999999832 47.232
9.7199999999999829 47.5906
9.8199999999999825 47.6746
9.9199999999999822 48.0091
10.019999999999982 48.134
10.119999999999981 48.424
10.219999999999981 48.6301
10.319999999999981 48.8354
10.41999999999998 49.1213
10.51999999999998 49.2636
10.61999999999998 49.6075
10.719999999999979 49.6881
10.819999999999979 50.0492
10.919999999999979 50.0891
11.019999999999978 50.4473
11.119999999999978 50.5067
11.219999999999978 50.8422
11.319999999999977 50.9405
11.419999999999977 51.2342
11.519999999999976 51.3707
11.619999999999976 51.6231
11.719999999999976 51.8165
11.819999999999975 52.0092
11.919999999999975 52.2777
12.019999999999975 52.4115
12.119999999999974 52.7349
12.219999999999974 52.8107
12.319999999999974 53.1505
12.419999999999973 53.1881
12.519999999999973 53.5256
12.619999999999973 53.5816
12.719999999999972 53.898
12.819999999999972 53.9907
12.919999999999972 54.2678
13.019999999999971 54.3967
13.119999999999971 54.6352
13.21999999999997 54.818
13.31999999999997 55.0001
13.41999999999997 55.2541
13.519999999999969 55.3807
13.619999999999969 55.7048
13.719999999999969 55.7586
13.819999999999968 56.0806
13.919999999999968 56.1162
14.019999999999968 56.4361
14.119999999999967 56.4893
14.219999999999967 56.7895
14.319999999999967 56.8775
14.419999999999966 57.1406
14.519999999999966 57.263
14.619999999999965 57.4896
14.719999999999965 57.6807
14.819999999999965 57.8365
14.919999999999964 58.0953
15.019999999999964 58.1985
15.119999999999964 58.507
15.219999999999963 58.5583
15.319999999999963 58.8649
15.419999999999963 58.8989
15.519999999999962 59.2038
15.619999999999962 59.2713
15.719999999999962 59.5407
15.819999999999961 59.6246
15.919999999999961 59.8757
16.01999999999996 59.9925
16.119999999999962 60.2088
16.219999999999963 60.3913
16.319999999999965 60.5401
16.419999999999966 60.7874
16.519999999999968 60.8861
16.619999999999969 61.181
16.71999999999997 61.2301
16.819999999999972 61.5234
16.919999999999973 61.5559
17.019999999999975 61.8476
17.119999999999976 61.9123
17.219999999999978 62.1702
17.319999999999979 62.2506
17.41999999999998 62.4911
17.519999999999982 62.603
17.619999999999983 62.8104
17.719999999999985 62.9853
17.819999999999986 63.1439
17.919999999999987 63.381
18.019999999999989 63.4599
18.11999999999999 63.7586
18.219999999999992 63.79
18.319999999999993 64.0716
18.419999999999995 64.1028
18.519999999999996 64.383
18.619999999999997 64.4451
18.719999999999999 64.6929
18.82 64.7702
18.920000000000002 65.0014
19.020000000000003 65.1244
19.120000000000005 65.3084
19.220000000000006 65.4919
19.320000000000007 65.6292
19.420000000000009 65.8574
19.52000000000001 65.9333
19.620000000000012 66.2208
19.720000000000013 66.251
19.820000000000014 66.5222
19.920000000000016 66.5523
20.020000000000017 66.8222
20.120000000000019 66.882
20.22000000000002 67.1209
20.320000000000022 67.2102
20.420000000000023 67.4182
20.520000000000024 67.5368
20.620000000000026 67.7143
20.720000000000027 67.8913
20.820000000000029 68.0237
20.92000000000003 68.2439
21.020000000000032 68.3171
21.120000000000033 68.5947
21.220000000000034 68.6239
21.320000000000036 68.8857
21.420000000000037 68.9292
21.520000000000039 69.1754
21.62000000000004 69.2332
21.720000000000041 69.464
21.820000000000043 69.5503
21.920000000000044 69.7513
22.020000000000046 69.866
22.120000000000047 70.0375
22.220000000000049 70.2087
22.32000000000005 70.3367
22.420000000000051 70.5639
22.520000000000053 70.6206
22.620000000000054 70.8891
22.720000000000056 70.9173
22.820000000000057 71.1707
22.920000000000059 71.2129
23.02000000000006 71.4512
23.120000000000061 71.5072
23.220000000000063 71.7306
23.320000000000064 71.8142
23.420000000000066 72.0089
23.520000000000067 72.1338
23.620000000000068 72.2861
23.72000000000007 72.4658
23.820000000000071 72.5761
23.920000000000073 72.7962
24.020000000000074 72.8512
24.120000000000076 73.1115
24.220000000000077 73.1389
24.320000000000078 73.3846
24.42000000000008 73.4255
24.520000000000081 73.6567
24.620000000000083 73.711
24.720000000000084 73.9277
24.820000000000086 74.0088
24.920000000000087 74.1978
25.020000000000088 74.319
25.12000000000009 74.4669
25.220000000000091 74.6413
25.320000000000093 74.7484
25.420000000000094 74.9621
25.520000000000095 75.0288
25.620000000000097 75.2684
25.720000000000098 75.2949
25.8200000000001 75.5336
25.920000000000101 75.5733
26.020000000000103 75.798
26.120000000000104 75.8507
26.220000000000105 76.0614
26.320000000000107 76.1402
26.420000000000108 76.3239
26.52000000000011 76.4418
26.620000000000111 76.5855
26.720000000000113 76.7681
26.820000000000114 76.8593
26.920000000000115 77.0802
27.020000000000117 77.132
27.120000000000118 77.3651
27.22000000000012 77.3909
27.320000000000121 77.6232
27.420000000000122 77.6618
27.520000000000124 77.8804
27.620000000000125 77.9318
27.720000000000127 78.1368
27.820000000000128 78.2264
27.92000000000013 78.3924
28.020000000000131 78.5199
28.120000000000132 78.6471
28.220000000000134 78.8249
28.320000000000135 78.9137
28.420000000000137 79.1289
28.520000000000138 79.1794
28.62000000000014 79.4064
28.720000000000141 79.4316
28.820000000000142 79.6579
28.920000000000144 79.6956
29.020000000000145 79.9086
29.120000000000147 79.9712
29.220000000000148 80.1585
29.320000000000149 80.2458
29.420000000000151 80.4077
29.520000000000152 80.5319
29.620000000000154 80.656
29.720000000000155 80.8294
29.820000000000157 80.916
29.920000000000158 81.1258
30.020000000000159 81.1751
30.120000000000161 81.3966
30.220000000000162 81.4212
30.320000000000164 81.6419
30.420000000000165 81.6787
30.520000000000167 81.8866
30.620000000000168 81.9476
30.720000000000169 82.1305
30.820000000000171 82.2157
30.920000000000172 82.3736
31.020000000000174 82.5071
31.120000000000175 82.6161
31.220000000000176 82.7975
31.320000000000178 82.8699
31.420000000000179 83.0869
31.520000000000181 83.123
31.620000000000182 83.3392
31.720000000000184 83.3632
31.820000000000185 83.5789
31.920000000000186 83.6148
32.020000000000188 83.8179
32.120000000000189 83.8775
32.220000000000191 84.0561
32.320000000000192 84.1394
32.420000000000194 84.2938
32.520000000000195 84.4242
32.620000000000196 84.5307
32.720000000000198 84.708
32.820000000000199 84.7788
32.920000000000201 84.9909
33.020000000000202 85.0262
33.120000000000203 85.2376
33.220000000000205 85.2611
33.320000000000206 85.4719
33.420000000000208 85.5187
33.520000000000209 85.7056
33.620000000000211 85.764
33.720000000000212 85.9387
33.820000000000213 86.0201
33.920000000000215 86.1711
34.020000000000216 86.2987
34.120000000000218 86.4145
34.220000000000219 86.5764
34.320000000000221 86.6456
34.420000000000222 86.8647
34.520000000000223 86.8877
34.620000000000225 87.0946
34.720000000000226 87.1176
34.820000000000228 87.324
34.920000000000229 87.3698
35.020000000000231 87.5527
35.120000000000232 87.6098
35.220000000000233 87.7809
35.320000000000235 87.8606
35.420000000000236 88.0084
35.520000000000238 88.1447
35.620000000000239 88.2467
35.72000000000024 88.4166
35.820000000000242 88.4731
35.920000000000243 88.6876
36.020000000000245 88.7101
36.120000000000246 88.9128
36.220000000000248 88.9353
36.320000000000249 89.1375
36.42000000000025 89.1824
36.520000000000252 89.3616
36.620000000000253 89.4287
36.720000000000255 89.5852
36.820000000000256 89.6744
36.920000000000258 89.8081
37.020000000000259 89.9417
37.12000000000026 90.0417
37.220000000000262 90.2081
37.320000000000263 90.2635
37.420000000000265 90.4738
37.520000000000266 90.4959
37.620000000000267 90.6946
37.720000000000269 90.7277
37.82000000000027 90.9149
37.920000000000272 90.9589
38.020000000000273 91.1346
38.120000000000275 91.2004
38.220000000000276 91.3538
38.320000000000277 91.4414
38.420000000000279 91.5725
38.52000000000028 91.7035
38.620000000000282 91.8015
38.720000000000283 91.9757
38.820000000000285 92.0192
38.920000000000286 92.2254
39.020000000000287 92.2471
39.120000000000289 92.442
39.22000000000029 92.4745
39.320000000000292 92.6582
39.420000000000293 92.7013
39.520000000000294 92.8738
39.620000000000296 92.9383
39.720000000000297 93.0889
39.820000000000299 93.1855
39.9200000000003 93.3035
40.020000000000302 93.4427
40.120000000000303 93.5283
40.220000000000304 93.6992
40.320000000000306 93.7419
40.420000000000307 93.9444
40.520000000000309 93.9657
40.62000000000031 94.157
40.720000000000312 94.1889
40.820000000000313 94.3692
40.920000000000314 94.4116
41.020000000000316 94.5809
41.120000000000317 94.6444
41.220000000000319 94.7922
41.32000000000032 94.8871
41.420000000000321 95.0029
41.520000000000323 95.1397
41.620000000000324 95.2237
41.720000000000326 95.3916
41.820000000000327 95.444
41.920000000000329 95.6324
42.02000000000033 95.6534
42.120000000000331 95.8414
42.220000000000333 95.8727
42.320000000000334 96.0498
42.420000000000336 96.0915
42.520000000000337 96.2578
42.620000000000339 96.3202
42.72000000000034 96.4654
42.820000000000341 96.5587
42.920000000000343 96.6725
43.020000000000344 96.8069
43.120000000000346 96.8895
43.220000000000347 97.0648
43.320000000000348 97.106
43.42000000000035 97.2912
43.520000000000351 97.3118
43.620000000000353 97.4966
43.720000000000354 97.5274
43.820000000000356 97.7015
43.920000000000357 97.7425
44.020000000000358 97.906
44.12000000000036 97.9775
44.220000000000361 98.1101
44.320000000000363 98.212
44.420000000000364 98.3137
44.520000000000366 98.4561
44.620000000000367 98.5271
44.720000000000368 98.6995
44.82000000000037 98.74
44.920000000000371 98.9222
45.020000000000373 98.9424
45.120000000000374 99.1242
45.220000000000375 99.1544
45.320000000000377 99.3257
45.420000000000378 99.3761
45.52000000000038 99.5269
45.620000000000381 99.5972
45.720000000000383 99.7277
45.820000000000384 99.8279
45.920000000000385 99.928
46.020000000000387 100.068
46.120000000000388 100.138
46.22000000000039 100.308
46.320000000000391 100.347
46.420000000000393 100.527
46.520000000000394 100.547
46.620000000000395 100.725
46.720000000000397 100.755
46.820000000000398 100.924
46.9200000000004 100.973
47.020000000000401 101.122
47.120000000000402 101.191
47.220000000000404 101.319
47.320000000000405 101.418
47.420000000000407 101.517
47.520000000000408 101.664
47.62000000000041 101.723
47.720000000000411 101.9
47.820000000000412 101.93
47.920000000000414 102.106
48.020000000000415 102.126
48.120000000000417 102.302
48.220000000000418 102.331
48.32000000000042 102.497
48.420000000000421 102.546
48.520000000000422 102.692
48.620000000000424 102.76
48.720000000000425 102.887
48.820000000000427 102.993
48.920000000000428 103.081
49.020000000000429 103.226
49.120000000000431 103.284
49.220000000000432 103.458
49.320000000000434 103.487
49.420000000000435 103.661
49.520000000000437 103.681
49.620000000000438 103.854
49.720000000000439 103.892
49.820000000000441 104.046
49.920000000000442 104.094
50.020000000000444 104.238
50.120000000000445 104.306
50.220000000000447 104.43
50.320000000000448 104.535
50.420000000000449 104.621
50.520000000000451 104.765
50.620000000000452 104.822
50.720000000000454 104.994
50.820000000000455 105.022
50.920000000000456 105.193
51.020000000000458 105.212
51.120000000000459 105.383
51.220000000000461 105.421
51.320000000000462 105.573
51.420000000000464 105.62
51.520000000000465 105.762
51.620000000000466 105.828
51.720000000000468 105.951
51.820000000000469 106.064
51.920000000000471 106.149
52.020000000000472 106.291
52.120000000000474 106.338
52.220000000000475 106.516
52.320000000000476 106.535
52.420000000000478 106.704
52.520000000000479 106.722
52.620000000000481 106.891
52.720000000000482 106.928
52.820000000000483 107.078
52.920000000000485 107.134
53.020000000000486 107.265
53.120000000000488 107.339
53.220000000000489 107.451
53.320000000000491 107.562
53.420000000000492 107.646
53.520000000000493 107.785
53.620000000000495 107.832
53.720000000000496 108.008
53.820000000000498 108.026
53.920000000000499 108.193
54.020000000000501 108.221
54.120000000000502 108.378
54.220000000000503 108.414
54.320000000000505 108.562
54.420000000000506 108.617
54.520000000000508 108.746
54.620000000000509 108.82
54.72000000000051 108.93
54.820000000000512 109.04
54.920000000000513 109.122
55.020000000000515 109.26
55.120000000000516 109.306
55.220000000000518 109.479
55.320000000000519 109.497
55.42000000000052 109.662
55.520000000000522 109.689
55.620000000000523 109.844
55.720000000000525 109.88
55.820000000000526 110.026
55.920000000000528 110.08
56.020000000000529 110.208
56.12000000000053 110.28
56.220000000000532 110.389
56.320000000000533 110.507
56.420000000000535 110.579
56.520000000000536 110.724
56.620000000000537 110.76
56.720000000000539 110.931
56.82000000000054 110.949
56.920000000000542 111.111
57.020000000000543 111.138
57.120000000000545 111.291
57.220000000000546 111.327
57.320000000000547 111.471
57.420000000000549 111.525
57.52000000000055 111.65
57.620000000000552 111.731
57.720000000000553 111.829
57.820000000000555 111.945
57.920000000000556 112.017
58.020000000000557 112.159
58.120000000000559 112.195
58.22000000000056 112.364
58.320000000000562 112.382
58.420000000000563 112.542
58.520000000000564 112.569
58.620000000000566 112.72
58.720000000000567 112.755
58.820000000000569 112.897
58.92000000000057 112.95
59.020000000000572 113.074
59.120000000000573 113.154
59.220000000000574 113.251
59.320000000000576 113.365
59.420000000000577 113.436
59.520000000000579 113.586
59.62000000000058 113.621
59.720000000000582 113.779
59.820000000000583 113.797
59.920000000000584 113.955
60.020000000000586 113.981
60.120000000000587 114.13
60.220000000000589 114.165
60.32000000000059 114.305
60.420000000000591 114.358
60.520000000000593 114.48
60.620000000000594 114.568
60.720000000000596 114.655
60.820000000000597 114.777
60.920000000000599 114.838
61.0200000000006 114.986
61.120000000000601 115.021
61.220000000000603 115.177
61.320000000000604 115.194
61.420000000000606 115.351
61.520000000000607 115.377
61.620000000000609 115.524
61.72000000000061 115.567
61.820000000000611 115.697
61.920000000000613 115.757
62.020000000000614 115.87
62.120000000000616 115.956
62.220000000000617 116.042
62.320000000000618 116.163
62.42000000000062 116.223
62.520000000000621 116.369
62.620000000000623 116.403
62.720000000000624 116.558
62.820000000000626 116.575
62.920000000000627 116.729
63.020000000000628 116.755
63.12000000000063 116.901
63.220000000000631 116.943
63.320000000000633 117.072
63.420000000000634 117.131
63.520000000000636 117.242
63.620000000000637 117.328
63.720000000000638 117.413
63.82000000000064 117.532
63.920000000000641 117.592
64.020000000000636 117.745
64.12000000000063 117.77
64.220000000000624 117.923
64.320000000000618 117.94
64.420000000000613 118.092
64.520000000000607 118.118
64.620000000000601 118.261
64.720000000000596 118.304
64.82000000000059 118.43
64.920000000000584 118.49
65.020000000000579 118.599
65.120000000000573 118.692
65.220000000000567 118.768
65.320000000000562 118.894
65.420000000000556 118.944
65.52000000000055 119.096
65.620000000000545 119.121
65.720000000000539 119.272
65.820000000000533 119.289
65.920000000000528 119.439
66.020000000000522 119.473
66.120000000000516 119.607
66.22000000000051 119.649
66.320000000000505 119.774
66.420000000000499 119.832
66.520000000000493 119.941
66.620000000000488 120.032
66.720000000000482 120.107
66.820000000000476 120.232
66.920000000000471 120.282
67.020000000000465 120.432
67.120000000000459 120.457
67.220000000000454 120.606
67.320000000000448 120.623
67.420000000000442 120.772
67.520000000000437 120.805
67.620000000000431 120.937
67.720000000000425 120.979
67.82000000000042 121.102
67.920000000000414 121.16
68.020000000000408 121.267
68.120000000000402 121.358
68.220000000000397 121.441
68.320000000000391 121.564
68.420000000000385 121.605
68.52000000000038 121.761
68.620000000000374 121.778
68.720000000000368 121.925
68.820000000000363 121.942
68.920000000000357 122.089
69.020000000000351 122.122
69.120000000000346 122.253
69.22000000000034 122.294
69.320000000000334 122.417
69.420000000000329 122.482
69.520000000000323 122.58
69.620000000000317 122.678
69.720000000000312 122.751
69.820000000000306 122.873
69.9200000000003 122.914
70.020000000000294 123.068
70.120000000000289 123.085
70.220000000000283 123.231
70.320000000000277 123.255
70.420000000000272 123.393
70.520000000000266 123.425
70.62000000000026 123.555
70.720000000000255 123.603
70.820000000000249 123.717
70.920000000000243 123.781
71.020000000000238 123.878
71.120000000000232 123.975
71.220000000000226 124.048
71.320000000000221 124.169
71.420000000000215 124.209
71.520000000000209 124.362
71.620000000000203 124.378
71.720000000000198 124.522
71.820000000000192 124.546
71.920000000000186 124.683
72.020000000000181 124.715
72.120000000000175 124.843
72.220000000000169 124.891
72.320000000000164 125.003
72.420000000000158 125.067
72.520000000000152 125.163
72.620000000000147 125.267
72.720000000000141 125.331
72.820000000000135 125.459
72.92000000000013 125.49
73.020000000000124 125.642
73.120000000000118 125.658
73.220000000000113 125.801
73.320000000000107 125.825
73.420000000000101 125.96
73.520000000000095 125.991
73.62000000000009 126.118
73.720000000000084 126.166
73.820000000000078 126.277
73.920000000000073 126.348
74.020000000000067 126.435
74.120000000000061 126.538
74.220000000000056 126.601
74.32000000000005 126.727
74.420000000000044 126.759
74.520000000000039 126.909
74.620000000000033 126.925
74.720000000000027 127.066
74.820000000000022 127.09
74.920000000000016 127.224
75.02000000000001 127.255
75.120000000000005 127.381
75.219999999999999 127.428
75.319999999999993 127.538
75.419999999999987 127.608
75.519999999999982 127.694
75.619999999999976 127.796
75.71999999999997 127.859
75.819999999999965 127.984
75.919999999999959 128.023
76.019999999999953 128.163
76.119999999999948 128.179
76.219999999999942 128.319
76.319999999999936 128.343
76.419999999999931 128.475
76.519999999999925 128.506
76.619999999999919 128.631
76.719999999999914 128.677
76.819999999999908 128.786
76.919999999999902 128.856
77.019999999999897 128.941
77.119999999999891 129.05
77.219999999999885 129.104
77.319999999999879 129.236
77.419999999999874 129.267
77.519999999999868 129.406
77.619999999999862 129.421
77.719999999999857 129.56
77.819999999999851 129.583
77.919999999999845 129.715
78.01999999999984 129.753
78.119999999999834 129.869
78.219999999999828 129.923
78.319999999999823 130.023
78.419999999999817 130.099
78.519999999999811 130.176
78.619999999999806 130.284
78.7199999999998 130.338
78.819999999999794 130.468
78.919999999999789 130.499
79.019999999999783 130.636
79.119999999999777 130.652
79.219999999999771 130.789
79.319999999999766 130.812
79.41999999999976 130.942
79.519999999999754 130.98
79.619999999999749 131.095
79.719999999999743 131.148
79.819999999999737 131.247
79.919999999999732 131.324
80.019999999999726 131.4
80.11999999999972 131.506
80.219999999999715 131.559
80.319999999999709 131.696
80.419999999999703 131.719
80.519999999999698 131.856
80.619999999999692 131.871
80.719999999999686 132.007
80.819999999999681 132.03
80.919999999999675 132.159
81.019999999999669 132.196
81.119999999999663 132.31
81.219999999999658 132.363
81.319999999999652 132.461
81.419999999999646 132.544
81.519999999999641 132.612
81.619999999999635 132.725
81.719999999999629 132.77
81.819999999999624 132.906
81.919999999999618 132.928
82.019999999999612 133.064
82.119999999999607 133.079
82.219999999999601 133.214
82.319999999999595 133.236
82.41999999999959 133.364
82.519999999999584 133.401
82.619999999999578 133.514
82.719999999999573 133.566
82.819999999999567 133.663
82.919999999999561 133.746
83.019999999999555 133.813
83.11999999999955 133.925
83.219999999999544 133.97
83.319999999999538 134.104
83.419999999999533 134.126
83.519999999999527 134.261
83.619999999999521 134.275
83.719999999999516 134.409
83.81999999999951 134.439
83.919999999999504 134.558
84.019999999999499 134.595
84.119999999999493 134.707
84.219999999999487 134.759
84.319999999999482 134.855
84.419999999999476 134.937
84.51999999999947 135.011
84.619999999999465 135.114
84.719999999999459 135.159
84.819999999999453 135.299
84.919999999999447 135.314
85.019999999999442 135.447
85.119999999999436 135.462
85.21999999999943 135.595
85.319999999999425 135.624
85.419999999999419 135.742
85.519999999999413 135.779
85.619999999999408 135.889
85.719999999999402 135.948
85.819999999999396 136.036
85.919999999999391 136.125
86.019999999999385 136.191
86.119999999999379 136.301
86.219999999999374 136.338
86.319999999999368 136.477
86.419999999999362 136.491
86.519999999999357 136.623
86.619999999999351 136.638
86.719999999999345 136.77
86.819999999999339 136.799
86.919999999999334 136.916
87.019999999999328 136.96
87.119999999999322 137.062
87.219999999999317 137.12
87.319999999999311 137.208
87.419999999999305 137.295
87.5199999999993 137.361
87.619999999999294 137.47
87.719999999999288 137.506
87.819999999999283 137.644
87.919999999999277 137.659
88.019999999999271 137.789
88.119999999999266 137.811
88.21999999999926 137.935
88.319999999999254 137.964
88.419999999999249 138.079
88.519999999999243 138.123
88.619999999999237 138.224
88.719999999999231 138.282
88.819999999999226 138.369
88.91999999999922 138.456
89.019999999999214 138.521
89.119999999999209 138.636
89.219999999999203 138.665
89.319999999999197 138.802
89.419999999999192 138.816
89.519999999999186 138.946
89.61999999999918 138.967
89.719999999999175 139.09
89.819999999999169 139.118
89.919999999999163 139.233
90.019999999999158 139.276
90.119999999999152 139.377
90.219999999999146 139.442
90.319999999999141 139.52
90.419999999999135 139.614
90.519999999999129 139.671
90.619999999999123 139.785
90.719999999999118 139.814
90.819999999999112 139.95
90.919999999999106 139.964
91.019999999999101 140.093
91.119999999999095 140.114
91.219999999999089 140.235
91.319999999999084 140.264
91.419999999999078 140.378
91.519999999999072 140.421
91.619999999999067 140.52
91.719999999999061 140.584
91.819999999999055 140.663
91.91999999999905 140.755
92.019999999999044 140.812
92.119999999999038 140.925
92.219999999999033 140.961
92.319999999999027 141.088
92.419999999999021 141.103
92.519999999999015 141.23
92.61999999999901 141.251
92.719999999999004 141.372
92.819999999998998 141.4
92.919999999998993 141.513
93.019999999998987 141.555
93.119999999998981 141.654
93.219999999998976 141.718
93.31999999999897 141.795
93.419999999998964 141.894
93.519999999998959 141.944
93.619999999998953 142.063
93.719999999998947 142.091
93.819999999998942 142.218
93.919999999998936 142.232
94.01999999999893 142.359
94.119999999998925 142.38
94.219999999998919 142.499
94.319999999998913 142.527
94.419999999998907 142.639
94.519999999998902 142.688
94.619999999998896 142.779
94.71999999999889 142.849
94.819999999998885 142.919
94.919999999998879 143.017
95.019999999998873 143.066
95.119999999998868 143.185
95.219999999998862 143.213
95.319999999998856 143.339
95.419999999998851 143.353
95.519999999998845 143.478
95.619999999998839 143.499
95.719999999998834 143.617
95.819999999998828 143.652
95.919999999998822 143.757
96.019999999998817 143.805
96.119999999998811 143.896
96.219999999998805 143.965
96.319999999998799 144.035
96.419999999998794 144.132
96.519999999998788 144.18
96.619999999998782 144.298
96.719999999998777 144.326
96.819999999998771 144.451
96.919999999998765 144.464
97.01999999999876 144.589
97.119999999998754 144.61
97.219999999998748 144.727
97.319999999998743 144.762
97.419999999998737 144.865
97.519999999998731 144.914
97.619999999998726 145.003
97.71999999999872 145.072
97.819999999998714 145.141
97.919999999998709 145.245
98.019999999998703 145.286
98.119999999998697 145.41
98.219999999998691 145.43
98.319999999998686 145.554
98.41999999999868 145.568
98.519999999998674 145.691
98.619999999998669 145.712
98.719999999998663 145.829
98.819999999998657 145.863
98.919999999998652 145.966
99.019999999998646 146.014
99.11999999999864 146.103
99.219999999998635 146.178
99.319999999998629 146.239
99.419999999998623 146.342
99.519999999998618 146.383
99.619999999998612 146.506
99.719999999998606 146.526
99.819999999998601 146.649
99.919999999998595 146.663
100.01999999999859 146.786
100.11999999999858 146.813
100.21999999999858 146.922
100.31999999999857 146.956
100.41999999999857 147.058
100.51999999999856 147.105
100.61999999999856 147.194
100.71999999999855 147.268
100.81999999999854 147.33
100.91999999999854 147.33
