0.10000000000000001 1
0.20000000000000001 2
0.30000000000000004 2
0.40000000000000002 4
0.5 4
0.59999999999999998 8
0.69999999999999996 8
0.79999999999999993 16
0.89999999999999991 16
0.99999999999999989 20.3966
1.0999999999999999 20.3966
1.2 1
1.3 1
1.4000000000000001 2
1.5000000000000002 2
1.6000000000000003 4
1.7000000000000004 5
1.8000000000000005 5
1.9000000000000006 9
2.0000000000000004 10.199
2.1000000000000005 10.8666
2.2000000000000006 11.1404
2.3000000000000007 11.9238
2.4000000000000008 12.0909
2.5000000000000009 13.0486
2.600000000000001 13.0486
2.7000000000000011 14.0121
2.8000000000000012 14.0121
2.9000000000000012 14.9802
3.0000000000000013 14.9802
3.1000000000000014 15.8891
3.2000000000000015 15.9521
3.3000000000000016 16.8084
3.4000000000000017 17.0451
3.5000000000000018 17.7363
3.6000000000000019 18.1272
3.700000000000002 18.6715
3.800000000000002 19.2525
3.9000000000000021 19.6131
4.0000000000000018 20.3153
4.1000000000000014 20.5602
4.2000000000000011 21.372
4.3000000000000007 21.512
4.4000000000000004 22.3787
4.5 22.4234
4.5999999999999996 23.2991
4.6999999999999993 23.342
4.7999999999999989 24.143
4.8999999999999986 24.3082
4.9999999999999982 24.9583
5.0999999999999979 25.2374
5.1999999999999975 25.7478
5.2999999999999972 26.21
5.3999999999999968 26.5137
5.4999999999999964 27.0739
5.5999999999999961 27.2581
5.6999999999999957 27.8752
5.7999999999999954 27.9827
5.899999999999995 28.6541
5.9999999999999947 28.689
6.0999999999999943 29.3782
6.199999999999994 29.4123
6.2999999999999936 30.0517
6.3999999999999932 30.2177
6.4999999999999929 30.7103
6.5999999999999925 30.9699
6.6999999999999922 31.3551
6.7999999999999918 31.7357
6.8999999999999915 31.987
6.9999999999999911 32.4527
7.0999999999999908 32.6065
7.1999999999999904 33.124
7.2999999999999901 33.2145
7.3999999999999897 33.7819
7.4999999999999893 33.8115
7.599999999999989 34.3982
7.6999999999999886 34.4563
7.7999999999999883 34.9751
7.8999999999999879 35.1178
7.9999999999999876 35.5425
8.0999999999999872 35.767
8.1999999999999869 36.1011
8.2999999999999865 36.4321
8.3999999999999861 36.6511
8.4999999999999858 37.0582
8.5999999999999854 37.193
8.6999999999999851 37.674
8.7999999999999847 37.727
8.8999999999999844 38.2537
8.999999999999984 38.2537
9.0999999999999837 38.7732
9.1999999999999833 38.8247
9.2999999999999829 39.2858
9.3999999999999826 39.4129
9.4999999999999822 39.7918
9.5999999999999819 39.9924
9.6999999999999815 40.2914
9.7999999999999812 40.6129
9.8999999999999808 40.7849
9.9999999999999805 41.1511
10.09999999999998 41.2725
10.19999999999998 41.7065
10.299999999999979 41.7544
10.399999999999979 42.2308
10.499999999999979 42.2308
10.599999999999978 42.7019
10.699999999999978 42.7487
10.799999999999978 43.1679
10.899999999999977 43.3067
10.999999999999977 43.6288
11.099999999999977 43.8347
11.199999999999976 44.085
11.299999999999976 44.379
11.399999999999975 44.5365
11.499999999999975 44.8721
11.599999999999975 44.9834
11.699999999999974 45.3819
11.799999999999974 45.4259
11.899999999999974 45.8642
11.999999999999973 45.8642
12.099999999999973 46.2983
12.199999999999973 46.3415
12.299999999999972 46.7284
12.399999999999972 46.8567
12.499999999999972 47.1546
12.599999999999971 47.3451
12.699999999999971 47.5769
12.799999999999971 47.8494
12.89999999999997 47.9955
12.99999999999997 48.3278
13.099999999999969 48.4105
13.199999999999969 48.781
13.299999999999969 48.822
13.399999999999968 49.23
13.499999999999968 49.23
13.599999999999968 49.6347
13.699999999999967 49.675
13.799999999999967 50.0361
13.899999999999967 50.1559
13.999999999999966 50.4343
14.099999999999966 50.6322
14.199999999999966 50.8294
14.299999999999965 51.0846
14.399999999999965 51.2214
14.499999999999964 51.5329
14.599999999999964 51.6105
14.699999999999964 51.9582
14.799999999999963 51.9966
14.899999999999963 52.3799
14.999999999999963 52.3799
15.099999999999962 52.7605
15.199999999999962 52.8173
15.299999999999962 53.1382
15.399999999999961 53.2698
15.499999999999961 53.5134
15.599999999999961 53.6999
15.69999999999996 53.8859
15.79999999999996 54.1266
15.899999999999959 54.2558
15.999999999999959 54.55
16.099999999999959 54.6233
16.19999999999996 54.9519
16.299999999999962 54.9882
16.399999999999963 55.3508
16.499999999999964 55.3508
16.599999999999966 55.711
16.699999999999967 55.7649
16.799999999999969 56.0689
16.89999999999997 56.1937
16.999999999999972 56.4246
17.099999999999973 56.6016
17.199999999999974 56.778
17.299999999999976 57.0065
17.399999999999977 57.1292
17.499999999999979 57.426
17.59999999999998 57.4783
17.699999999999982 57.8079
17.799999999999983 57.8252
17.899999999999984 58.1701
17.999999999999986 58.1701
18.099999999999987 58.513
18.199999999999989 58.5642
18.29999999999999 58.8538
18.399999999999991 58.9727
18.499999999999993 59.1927
18.599999999999994 59.3783
18.699999999999996 59.5297
18.799999999999997 59.7645
18.899999999999999 59.8648
19 60.1481
19.100000000000001 60.198
19.200000000000003 60.5128
19.300000000000004 60.5294
19.400000000000006 60.8589
19.500000000000007 60.8754
19.600000000000009 61.1867
19.70000000000001 61.2521
19.800000000000011 61.5128
19.900000000000013 61.6265
20.000000000000014 61.8371
20.100000000000016 62.0147
20.200000000000017 62.1597
20.300000000000018 62.3846
20.40000000000002 62.4807
20.500000000000021 62.7522
20.600000000000023 62.8
20.700000000000024 63.1019
20.800000000000026 63.1177
20.900000000000027 63.4338
21.000000000000028 63.4496
21.10000000000003 63.7484
21.200000000000031 63.8111
21.300000000000033 64.0614
21.400000000000034 64.1706
21.500000000000036 64.3729
21.600000000000037 64.5435
21.700000000000038 64.6828
21.80000000000004 64.9144
21.900000000000041 64.9913
22.000000000000043 65.2524
22.100000000000044 65.2984
22.200000000000045 65.5887
22.300000000000047 65.604
22.400000000000048 65.9082
22.50000000000005 65.9234
22.600000000000051 66.211
22.700000000000053 66.2714
22.800000000000054 66.5124
22.900000000000055 66.6326
23.000000000000057 66.8124
23.100000000000058 66.9918
23.20000000000006 67.1111
23.300000000000061 67.3343
23.400000000000063 67.4085
23.500000000000064 67.6603
23.600000000000065 67.7046
23.700000000000067 67.9847
23.800000000000068 67.9994
23.90000000000007 68.2929
24.000000000000071 68.3222
24.100000000000072 68.5852
24.200000000000074 68.6581
24.300000000000075 68.8762
24.400000000000077 68.9923
24.500000000000078 69.166
24.60000000000008 69.3393
24.700000000000081 69.4546
24.800000000000082 69.6702
24.900000000000084 69.742
25.000000000000085 69.9853
25.100000000000087 70.0282
25.200000000000088 70.3132
25.30000000000009 70.3132
25.400000000000091 70.5971
25.500000000000092 70.6255
25.600000000000094 70.8799
25.700000000000095 70.9504
25.800000000000097 71.1615
25.900000000000098 71.2739
26.000000000000099 71.4421
26.100000000000101 71.6238
26.200000000000102 71.7215
26.300000000000104 71.9304
26.400000000000105 71.9998
26.500000000000107 72.2494
26.600000000000108 72.2771
26.700000000000109 72.5533
26.800000000000111 72.5533
26.900000000000112 72.8285
27.000000000000114 72.8559
27.100000000000115 73.1026
27.200000000000117 73.1846
27.300000000000118 73.3757
27.400000000000119 73.4983
27.500000000000121 73.6478
27.600000000000122 73.8241
27.700000000000124 73.9189
27.800000000000125 74.1216
27.900000000000126 74.189
28.000000000000128 74.4312
28.100000000000129 74.4581
28.200000000000131 74.7263
28.300000000000132 74.7263
28.400000000000134 74.9934
28.500000000000135 75.0201
28.600000000000136 75.2597
28.700000000000138 75.3394
28.800000000000139 75.525
28.900000000000141 75.6441
29.000000000000142 75.7894
29.100000000000144 75.9607
29.200000000000145 76.0528
29.300000000000146 76.2498
29.400000000000148 76.3154
29.500000000000149 76.5509
29.600000000000151 76.577
29.700000000000152 76.8378
29.800000000000153 76.8378
29.900000000000155 77.0976
30.000000000000156 77.1236
30.100000000000158 77.3566
30.200000000000159 77.4342
30.300000000000161 77.6148
30.400000000000162 77.7306
30.500000000000163 77.872
30.600000000000165 78.0388
30.700000000000166 78.1285
30.800000000000168 78.333
30.900000000000169 78.3841
31.000000000000171 78.6134
31.100000000000172 78.6388
31.200000000000173 78.8928
31.300000000000175 78.8928
31.400000000000176 79.1459
31.500000000000178 79.1838
31.600000000000179 79.3982
31.70000000000018 79.4863
31.800000000000182 79.6497
31.900000000000183 79.7752
32.000000000000185 79.9004
32.100000000000186 80.063
32.200000000000188 80.1504
32.300000000000189 80.3498
32.40000000000019 80.3995
32.500000000000192 80.6231
32.600000000000193 80.6479
32.700000000000195 80.8956
32.800000000000196 80.8956
32.900000000000198 81.1424
33.000000000000199 81.1794
33.1000000000002 81.3886
33.200000000000202 81.4745
33.300000000000203 81.634
33.400000000000205 81.7564
33.500000000000206 81.8786
33.600000000000207 82.0372
33.700000000000209 82.1225
33.80000000000021 82.3293
33.900000000000212 82.3657
34.000000000000213 82.5961
34.100000000000215 82.6082
34.200000000000216 82.85
34.300000000000217 82.85
34.400000000000219 83.091
34.50000000000022 83.1271
34.600000000000222 83.3314
34.700000000000223 83.4154
34.800000000000225 83.5711
34.900000000000226 83.7026
35.000000000000227 83.8101
35.100000000000229 83.977
35.20000000000023 84.0484
35.300000000000232 84.2504
35.400000000000233 84.286
35.500000000000234 84.5112
35.600000000000236 84.523
35.700000000000237 84.7593
35.800000000000239 84.7593
35.90000000000024 84.995
36.000000000000242 85.042
36.100000000000243 85.23
36.200000000000244 85.3121
36.300000000000246 85.4643
36.400000000000247 85.5929
36.500000000000249 85.698
36.60000000000025 85.8612
36.700000000000252 85.9311
36.800000000000253 86.1287
36.900000000000254 86.1635
37.000000000000256 86.3838
37.100000000000257 86.3954
37.200000000000259 86.6266
37.30000000000026 86.6381
37.400000000000261 86.8571
37.500000000000263 86.9032
37.600000000000264 87.0871
37.700000000000266 87.1675
37.800000000000267 87.3165
37.900000000000269 87.4424
38.00000000000027 87.5453
38.100000000000271 87.705
38.200000000000273 87.7734
38.300000000000274 87.9669
38.400000000000276 88.001
38.500000000000277 88.2167
38.600000000000279 88.228
38.70000000000028 88.4544
38.800000000000281 88.4657
38.900000000000283 88.6802
39.000000000000284 88.7253
39.100000000000286 88.9055
39.200000000000287 88.9954
39.300000000000288 89.1302
39.40000000000029 89.2647
39.500000000000291 89.3543
39.600000000000293 89.522
39.700000000000294 89.5779
39.800000000000296 89.7675
39.900000000000297 89.8009
40.000000000000298 90.0122
40.1000000000003 90.0233
40.200000000000301 90.2452
40.300000000000303 90.2674
40.400000000000304 90.4666
40.500000000000306 90.5219
40.600000000000307 90.6874
40.700000000000308 90.7756
40.80000000000031 90.9077
40.900000000000311 91.0396
41.000000000000313 91.1275
41.100000000000314 91.2919
41.200000000000315 91.3467
41.300000000000317 91.5326
41.400000000000318 91.5654
41.50000000000032 91.7835
41.600000000000321 91.7835
41.700000000000323 92.0012
41.800000000000324 92.0229
41.900000000000325 92.2183
42.000000000000327 92.2726
42.100000000000328 92.435
42.20000000000033 92.5215
42.300000000000331 92.6511
42.400000000000333 92.7805
42.500000000000334 92.8667
42.600000000000335 93.0281
42.700000000000337 93.0819
42.800000000000338 93.2751
42.90000000000034 93.2965
43.000000000000341 93.5106
43.100000000000342 93.5106
43.200000000000344 93.7243
43.300000000000345 93.7456
43.400000000000347 93.9374
43.500000000000348 93.9907
43.60000000000035 94.1501
43.700000000000351 94.2457
43.800000000000352 94.3623
43.900000000000354 94.5
44.000000000000355 94.574
44.100000000000357 94.7325
44.200000000000358 94.7853
44.30000000000036 94.975
44.400000000000361 94.9961
44.500000000000362 95.2064
44.600000000000364 95.2064
44.700000000000365 95.4162
44.800000000000367 95.4372
44.900000000000368 95.6256
45.000000000000369 95.6884
45.100000000000371 95.8346
45.200000000000372 95.9284
45.300000000000374 96.043
45.400000000000375 96.1783
45.500000000000377 96.2511
45.600000000000378 96.4068
45.700000000000379 96.4586
45.800000000000381 96.6451
45.900000000000382 96.6658
46.000000000000384 96.8725
46.100000000000385 96.8725
46.200000000000387 97.0787
46.300000000000388 97.0993
46.400000000000389 97.2845
46.500000000000391 97.3462
46.600000000000392 97.4899
46.700000000000394 97.5822
46.800000000000395 97.6948
46.900000000000396 97.8278
47.000000000000398 97.8994
47.100000000000399 98.0627
47.200000000000401 98.1034
47.300000000000402 98.2868
47.400000000000404 98.3071
47.500000000000405 98.5104
47.600000000000406 98.5104
47.700000000000408 98.7132
47.800000000000409 98.7334
47.900000000000411 98.9156
48.000000000000412 98.9863
48.100000000000414 99.1176
48.200000000000415 99.2184
48.300000000000416 99.3192
48.400000000000418 99.45
48.500000000000419 99.5204
48.600000000000421 99.681
48.700000000000422 99.7211
48.800000000000423 99.9015
48.900000000000425 99.9215
49.000000000000426 100.121
49.100000000000428 100.121
49.200000000000429 100.321
49.300000000000431 100.351
49.400000000000432 100.52
49.500000000000433 100.59
49.600000000000435 100.719
49.700000000000436 100.818
49.800000000000438 100.917
49.900000000000439 101.046
50.000000000000441 101.115
50.100000000000442 101.273
50.200000000000443 101.313
50.300000000000445 101.5
50.400000000000446 101.51
50.500000000000448 101.707
50.600000000000449 101.707
50.70000000000045 101.904
50.800000000000452 101.933
50.900000000000453 102.1
51.000000000000455 102.168
51.100000000000456 102.295
51.200000000000458 102.393
51.300000000000459 102.491
51.40000000000046 102.627
51.500000000000462 102.686
51.600000000000463 102.851
51.700000000000465 102.88
51.800000000000466 103.065
51.900000000000468 103.074
52.000000000000469 103.268
52.10000000000047 103.268
52.200000000000472 103.462
52.300000000000473 103.5
52.400000000000475 103.655
52.500000000000476 103.722
52.600000000000477 103.848
52.700000000000479 103.954
52.80000000000048 104.04
52.900000000000482 104.175
53.000000000000483 104.232
53.100000000000485 104.395
53.200000000000486 104.424
53.300000000000487 104.606
53.400000000000489 104.615
53.50000000000049 104.806
53.600000000000492 104.816
53.700000000000493 104.997
53.800000000000495 105.035
53.900000000000496 105.187
54.000000000000497 105.254
54.100000000000499 105.377
54.2000000000005 105.482
54.300000000000502 105.567
54.400000000000503 105.699
54.500000000000504 105.756
54.600000000000506 105.917
54.700000000000507 105.945
54.800000000000509 106.124
54.90000000000051 106.134
55.000000000000512 106.322
55.100000000000513 106.331
55.200000000000514 106.51
55.300000000000516 106.547
55.400000000000517 106.698
55.500000000000519 106.763
55.60000000000052 106.885
55.700000000000522 106.997
55.800000000000523 107.072
55.900000000000524 107.212
56.000000000000526 107.258
56.100000000000527 107.417
56.200000000000529 107.445
56.30000000000053 107.621
56.400000000000531 107.631
56.500000000000533 107.816
56.600000000000534 107.826
56.700000000000536 108.002
56.800000000000537 108.048
56.900000000000539 108.187
57.00000000000054 108.261
57.100000000000541 108.372
57.200000000000543 108.482
57.300000000000544 108.556
57.400000000000546 108.694
57.500000000000547 108.74
57.600000000000549 108.896
57.70000000000055 108.924
57.800000000000551 109.098
57.900000000000553 109.107
58.000000000000554 109.29
58.100000000000556 109.309
58.200000000000557 109.473
58.300000000000558 109.519
58.40000000000056 109.656
58.500000000000561 109.729
58.600000000000563 109.838
58.700000000000564 109.947
58.800000000000566 110.02
58.900000000000567 110.156
59.000000000000568 110.202
59.10000000000057 110.365
59.200000000000571 110.383
59.300000000000573 110.564
59.400000000000574 110.564
59.500000000000576 110.745
59.600000000000577 110.763
59.700000000000578 110.925
59.80000000000058 110.97
59.900000000000581 111.105
60.000000000000583 111.186
60.100000000000584 111.285
60.200000000000585 111.402
60.300000000000587 111.465
60.400000000000588 111.599
60.50000000000059 111.644
60.600000000000591 111.805
60.700000000000593 111.823
60.800000000000594 112.002
60.900000000000595 112.002
61.000000000000597 112.18
61.100000000000598 112.198
61.2000000000006 112.358
61.300000000000601 112.412
61.400000000000603 112.536
61.500000000000604 112.616
61.600000000000605 112.714
61.700000000000607 112.829
61.800000000000608 112.891
61.90000000000061 113.024
62.000000000000611 113.068
62.100000000000612 113.227
62.200000000000614 113.245
62.300000000000615 113.421
62.400000000000617 113.421
62.500000000000618 113.598
62.60000000000062 113.615
62.700000000000621 113.774
62.800000000000622 113.826
62.900000000000624 113.949
63.000000000000625 114.028
63.100000000000627 114.125
63.200000000000628 114.239
63.30000000000063 114.3
63.400000000000631 114.44
63.500000000000632 114.475
63.600000000000634 114.632
63.700000000000635 114.649
63.800000000000637 114.824
63.900000000000638 114.824
64.000000000000639 114.998
64.100000000000634 115.015
64.200000000000628 115.171
64.300000000000622 115.223
64.400000000000617 115.345
64.500000000000611 115.432
64.600000000000605 115.518
64.7000000000006 115.631
64.800000000000594 115.691
64.900000000000588 115.829
65.000000000000583 115.864
65.100000000000577 116.019
65.200000000000571 116.036
65.300000000000566 116.209
65.40000000000056 116.209
65.500000000000554 116.381
65.600000000000549 116.406
65.700000000000543 116.552
65.800000000000537 116.612
65.900000000000531 116.724
66.000000000000526 116.81
66.10000000000052 116.895
66.200000000000514 117.006
66.300000000000509 117.066
66.400000000000503 117.203
66.500000000000497 117.237
66.600000000000492 117.39
66.700000000000486 117.407
66.80000000000048 117.577
66.900000000000475 117.577
67.000000000000469 117.747
67.100000000000463 117.773
67.200000000000458 117.917
67.300000000000452 117.977
67.400000000000446 118.087
67.500000000000441 118.171
67.600000000000435 118.256
67.700000000000429 118.374
67.800000000000423 118.425
67.900000000000418 118.568
68.000000000000412 118.594
68.100000000000406 118.754
68.200000000000401 118.762
68.300000000000395 118.931
68.400000000000389 118.931
68.500000000000384 119.099
68.600000000000378 119.124
68.700000000000372 119.266
68.800000000000367 119.325
68.900000000000361 119.434
69.000000000000355 119.526
69.10000000000035 119.601
69.200000000000344 119.718
69.300000000000338 119.768
69.400000000000333 119.91
69.500000000000327 119.935
69.600000000000321 120.094
69.700000000000315 120.102
69.80000000000031 120.268
69.900000000000304 120.277
70.000000000000298 120.435
70.100000000000293 120.468
70.200000000000287 120.601
70.300000000000281 120.659
70.400000000000276 120.766
70.50000000000027 120.857
70.600000000000264 120.932
70.700000000000259 121.047
70.800000000000253 121.097
70.900000000000247 121.237
71.000000000000242 121.262
71.100000000000236 121.419
71.20000000000023 121.427
71.300000000000225 121.592
71.400000000000219 121.6
71.500000000000213 121.756
71.600000000000207 121.789
71.700000000000202 121.92
71.800000000000196 121.977
71.90000000000019 122.084
72.000000000000185 122.174
72.100000000000179 122.248
72.200000000000173 122.37
72.300000000000168 122.411
72.400000000000162 122.55
72.500000000000156 122.575
72.600000000000151 122.729
72.700000000000145 122.738
72.800000000000139 122.9
72.900000000000134 122.909
73.000000000000128 123.063
73.100000000000122 123.104
73.200000000000117 123.225
73.300000000000111 123.29
73.400000000000105 123.388
73.500000000000099 123.485
73.600000000000094 123.55
73.700000000000088 123.671
73.800000000000082 123.711
73.900000000000077 123.849
74.000000000000071 123.873
74.100000000000065 124.026
74.20000000000006 124.034
74.300000000000054 124.195
74.400000000000048 124.212
74.500000000000043 124.356
74.600000000000037 124.397
74.700000000000031 124.517
74.800000000000026 124.581
74.90000000000002 124.678
75.000000000000014 124.774
75.100000000000009 124.838
75.200000000000003 124.958
75.299999999999997 124.998
75.399999999999991 125.142
75.499999999999986 125.158
75.59999999999998 125.318
75.699999999999974 125.318
75.799999999999969 125.477
75.899999999999963 125.493
75.999999999999957 125.637
76.099999999999952 125.676
76.199999999999946 125.796
76.29999999999994 125.859
76.399999999999935 125.954
76.499999999999929 126.058
76.599999999999923 126.113
76.699999999999918 126.232
76.799999999999912 126.272
76.899999999999906 126.414
76.999999999999901 126.43
77.099999999999895 126.588
77.199999999999889 126.588
77.299999999999883 126.746
77.399999999999878 126.762
77.499999999999872 126.904
77.599999999999866 126.951
77.699999999999861 127.061
77.799999999999855 127.132
77.899999999999849 127.218
77.999999999999844 127.321
78.099999999999838 127.376
78.199999999999832 127.493
78.299999999999827 127.533
78.399999999999821 127.674
78.499999999999815 127.689
78.59999999999981 127.846
78.699999999999804 127.846
78.799999999999798 128.002
78.899999999999793 128.018
78.999999999999787 128.158
79.099999999999781 128.205
79.199999999999775 128.314
79.29999999999977 128.384
79.399999999999764 128.47
79.499999999999758 128.571
79.599999999999753 128.626
79.699999999999747 128.742
79.799999999999741 128.781
79.899999999999736 128.921
79.99999999999973 128.936
80.099999999999724 129.091
80.199999999999719 129.091
80.299999999999713 129.246
80.399999999999707 129.262
80.499999999999702 129.401
80.599999999999696 129.447
80.69999999999969 129.555
80.799999999999685 129.632
80.899999999999679 129.71
80.999999999999673 129.81
81.099999999999667 129.864
81.199999999999662 129.987
81.299999999999656 130.018
81.39999999999965 130.156
81.499999999999645 130.171
81.599999999999639 130.325
81.699999999999633 130.325
81.799999999999628 130.478
81.899999999999622 130.501
81.999999999999616 130.631
82.099999999999611 130.685
82.199999999999605 130.784
82.299999999999599 130.861
82.399999999999594 130.937
82.499999999999588 131.037
82.599999999999582 131.09
82.699999999999577 131.212
82.799999999999571 131.242
82.899999999999565 131.38
82.999999999999559 131.395
83.099999999999554 131.547
83.199999999999548 131.547
83.299999999999542 131.699
83.399999999999537 131.722
83.499999999999531 131.851
83.599999999999525 131.904
83.69999999999952 132.002
83.799999999999514 132.078
83.899999999999508 132.154
83.999999999999503 132.252
84.099999999999497 132.305
84.199999999999491 132.433
84.299999999999486 132.456
84.39999999999948 132.599
84.499999999999474 132.607
84.599999999999469 132.758
84.699999999999463 132.758
84.799999999999457 132.908
84.899999999999451 132.931
84.999999999999446 133.059
85.09999999999944 133.111
85.199999999999434 133.209
85.299999999999429 133.291
85.399999999999423 133.359
85.499999999999417 133.464
85.599999999999412 133.509
85.699999999999406 133.636
85.7999999999994 133.659
85.899999999999395 133.801
85.999999999999389 133.808
86.099999999999383 133.957
86.199999999999378 133.965
86.299999999999372 134.107
86.399999999999366 134.136
86.499999999999361 134.256
86.599999999999355 134.308
86.699999999999349 134.405
86.799999999999343 134.486
86.899999999999338 134.553
86.999999999999332 134.657
87.099999999999326 134.702
87.199999999999321 134.828
87.299999999999315 134.85
87.399999999999309 134.991
87.499999999999304 134.999
87.599999999999298 135.147
87.699999999999292 135.154
87.799999999999287 135.295
87.899999999999281 135.324
87.999999999999275 135.442
88.09999999999927 135.494
88.199999999999264 135.59
88.299999999999258 135.671
88.399999999999253 135.737
88.499999999999247 135.848
88.599999999999241 135.885
88.699999999999235 136.01
88.79999999999923 136.032
88.899999999999224 136.171
88.999999999999218 136.179
89.099999999999213 136.325
89.199999999999207 136.333
89.299999999999201 136.472
89.399999999999196 136.501
89.49999999999919 136.619
89.599999999999184 136.677
89.699999999999179 136.765
89.799999999999173 136.853
89.899999999999167 136.911
89.999999999999162 137.021
90.099999999999156 137.057
90.19999999999915 137.181
90.299999999999145 137.203
90.399999999999139 137.341
90.499999999999133 137.349
90.599999999999127 137.494
90.699999999999122 137.509
90.799999999999116 137.639
90.89999999999911 137.676
90.999999999999105 137.785
91.099999999999099 137.843
91.199999999999093 137.93
91.299999999999088 138.017
91.399999999999082 138.075
91.499999999999076 138.183
91.599999999999071 138.219
91.699999999999065 138.342
91.799999999999059 138.364
91.899999999999054 138.509
91.999999999999048 138.509
92.099999999999042 138.653
92.199999999999037 138.667
92.299999999999031 138.797
92.399999999999025 138.833
92.499999999999019 138.941
92.599999999999014 138.999
92.699999999999008 139.085
92.799999999999002 139.171
92.899999999998997 139.229
92.999999999998991 139.336
93.099999999998985 139.372
93.19999999999898 139.501
93.299999999998974 139.516
93.399999999998968 139.659
93.499999999998963 139.659
93.599999999998957 139.802
93.699999999998951 139.816
93.799999999998946 139.945
93.89999999999894 139.988
93.999999999998934 140.088
94.099999999998929 140.152
94.199999999998923 140.231
94.299999999998917 140.323
94.399999999998911 140.373
94.499999999998906 140.48
94.5999999999989 140.516
94.699999999998894 140.644
94.799999999998889 140.658
94.899999999998883 140.8
94.999999999998877 140.8
95.099999999998872 140.942
95.199999999998866 140.956
95.29999999999886 141.084
95.399999999998855 141.126
95.499999999998849 141.226
95.599999999998843 141.289
95.699999999998838 141.367
95.799999999998832 141.459
95.899999999998826 141.508
95.99999999999882 141.614
96.099999999998815 141.65
96.199999999998809 141.777
96.299999999998803 141.791
96.399999999998798 141.932
96.499999999998792 141.932
96.599999999998786 142.073
96.699999999998781 142.087
96.799999999998775 142.213
96.899999999998769 142.256
96.999999999998764 142.354
97.099999999998758 142.417
97.199999999998752 142.494
97.299999999998747 142.586
97.399999999998741 142.635
97.499999999998735 142.747
97.59999999999873 142.775
97.699999999998724 142.901
97.799999999998718 142.915
97.899999999998712 143.055
97.999999999998707 143.055
98.099999999998701 143.194
98.199999999998695 143.208
98.29999999999869 143.334
98.399999999998684 143.383
98.499999999998678 143.474
98.599999999998673 143.543
98.699999999998667 143.613
98.799999999998661 143.703
98.899999999998656 143.752
98.99999999999865 143.863
99.099999999998644 143.891
99.199999999998639 144.016
99.299999999998633 144.03
99.399999999998627 144.169
99.499999999998622 144.169
99.599999999998616 144.308
99.69999999999861 144.328
99.799999999998604 144.446
99.899999999998599 144.495
99.999999999998593 144.584
100.09999999999859 144.654
100.19999999999858 144.723
100.29999999999858 144.813
100.39999999999857 144.861
100.49999999999856 144.971
100.59999999999856 144.999
100.69999999999855 145.109
100.79999999999855 145.109
100.89999999999854 145.109
100.99999999999854 1
